3193699 2
405707375 2
501121736 2
998853360 2
1 24
1 24
1 24
1 24
1 24
1 24
1 24
1 24
1 24
1 24
1 24
1 24
1 24
1 24
363713644 2
255160786 2
293080864 2
474368698 2
9346465 2
87842801 2
316371801 2
326420101 2
176404485 2
268501055 2
50979445 2
275275543 2
171821608 2
636735512 2
619336 2
830953987 2
580813260 2
274029561 2
790189431 2
513166403 2
255880245 2
46836864 2
141471852 2
455685226 2
383788566 2
292887914 2
428702972 2
389673022 2
351486882 2
87757932 2
98063591 2
799069868 2
299724420 2
27610873 2
68258192 2
49850432 2
72159675 2
613954632 2
402983787 2
98848937 2
607466579 2
64328434 2
14262831 2
813817779 2
19273737 2
387983017 2
434840071 2
185124789 2
516092510 2
155674130 2
35037553 2
254670591 2
188380527 2
101536808 2
323092073 2
253921927 2
849133188 2
566158741 2
287244143 2
149 32
149 32
149 32
149 32
149 32
91128390 2
492493954 2
233339023 2
181835459 2
648476712 2
49739553 2
29044783 2
265115111 2
491359311 2
366538944 2
485521182 2
394200064 2
71766987 2
378496839 2
648867463 2
324367524 2
45559882 2
67079564 2
187953356 2
551940677 2
129168166 2
258682669 2
572183667 2
402221622 2
248099727 2
286382926 2
273031200 2
411539625 2
328099426 2
265867049 2
703217306 2
414659763 2
78145203 2
324334702 2
729042237 2
220193723 2
276963416 2
216792109 2
687721380 2
864649268 2
859752966 2
838048429 2
359061599 2
412446671 2
136639262 2
123295683 2
12886983 2
694953681 2
806253509 2
243520409 2
448937320 2
257657467 2
282601746 2
232989585 2
25400066 2
564449118 2
233672112 2
622347758 2
728966425 2
201898841 2
617913538 2
84898348 2
104934235 2
648850497 2
302157583 2
345239738 2
462703223 2
99369275 2
405695943 2
172324058 2
651053004 2
72414271 2
161195858 2
365176008 2
510973039 2
29242655 2
364937220 2
410934813 2
57256675 2
330390468 2
767303151 2
45980838 2
154452182 2
552724284 2
177892041 2
813143891 2
603662146 2
21537740 2
238973888 2
322793287 2
382546180 2
436940920 2
788221266 2
35482275 2
85972254 2
700751607 2
167852133 2
770200726 2
448346560 2
527598659 2
413260253 2
201620265 2
735342939 2
517801976 2
354822567 2
570291935 2
94659916 2
620512754 2
166165380 2
117546923 2
138525901 2
84233499 2
766180049 2
683948101 2
266824313 2
350068223 2
485918539 2
433721230 2
495027403 2
541029963 2
95539747 2
140297919 2
190082529 2
625761076 2
31809873 2
128961477 2
105884497 2
294772079 2
127862355 2
52330885 2
260871830 2
503516481 2
183500946 2
483874533 2
100756343 2
3041119 17
3041119 17
3041119 17
3041119 17
3041119 17
3041119 17
3041119 17
3041119 17
3041119 17
3041119 17
3041119 17
3041119 17
3041119 17
3041119 17
3041119 17
3041119 17
251269534 2
222303912 2
747113900 2
34112943 2
151938142 2
345083582 2
123246346 2
183812110 2
15425111 2
572374726 2
99599342 2
560271739 2
11669560 2
129683545 2
548477102 2
510876562 2
85375274 2
159529617 2
200529802 2
167545646 2
498577949 2
755000286 2
468783008 2
192292598 2
139027471 2
804285983 2
924866988 2
358127043 2
407666292 2
786377412 2
850090483 2
1 24
1 24
1 24
1 24
1 24
1 24
1 24
1 24
1 24
599734395 2
264760911 2
507696578 2
567315693 2
91102543 2
402821939 2
711007260 2
208615586 2
170091046 2
823889537 2
472377485 2
182137804 2
181042826 2
510770352 2
861910478 2
704286559 2
473660844 2
541585546 2
24515441 2
810729028 2
929193387 2
876995302 2
265607173 2
5740856 2
376088546 2
63753289 2
408986151 2
435678755 2
970196781 2
718041630 2
607814702 2
543804874 2
281533597 2
196017262 2
153416198 2
399433454 2
828575706 2
80188190 2
755948357 2
421649663 2
119858021 2
665727806 2
46485060 2
149 32
149 32
149 32
149 32
149 32
149 32
149 32
149 32
149 32
149 32
149 32
149 32
149 32
209291118 2
714603234 2
246147529 2
315419960 2
81210577 2
248951911 2
527692302 2
252517122 2
203860765 2
495126781 2
12109459 2
174153085 2
70074726 2
386472476 2
374770380 2
348172461 2
488371941 2
400228522 2
33551892 2
7198826 2
527381677 2
337462686 2
288153744 2
376748656 2
230551339 2
308237548 2
292559652 2
378565721 2
26106899 2
722010977 2
31158125 2
355248032 2
230895006 2
702956705 2
129196502 2
647739999 2
263886860 2
851579528 2
149 32
149 32
149 32
149 32
149 32
149 32
149 32
149 32
149 32
149 32
149 32
149 32
149 32
507199555 2
198505332 2
106357178 2
108291805 2
612443346 2
313607410 2
35660513 2
116056817 2
249649411 2
358316220 2
295272518 2
24487910 2
559620994 2
16197310 2
666402605 2
565505026 2
13562136 2
81871212 2
211988143 2
629687706 2
616999930 2
80004311 2
138555282 2
331243286 2
20789316 2
574638469 2
268690765 2
414700276 2
115183088 2
401063084 2
442308236 2
96708547 2
17040601 2
167511533 2
422346684 2
160304089 2
867901626 2
672435124 2
184322554 2
864108450 2
104866513 2
362413453 2
306152411 2
522097000 2
578582961 2
465872934 2
141807695 2
733064779 2
804469346 2
610514610 2
127632722 2
129867553 2
356281390 2
334865 2
858643863 2
269650262 2
327630973 2
797512727 2
927187584 2
808405100 2
421038470 2
21142798 2
447892226 2
66817486 2
11 32
11 32
11 32
11 32
11 32
11 32
11 32
11 32
11 32
11 32
11 32
11 32
851431875 2
83121231 2
515032895 2
190165325 2
236820784 2
351087025 2
480038081 2
350709303 2
211406290 2
829466743 2
126495378 2
388025141 2
26915517 2
408517206 2
183682246 2
377117549 2
449216618 2
42500986 2
241918758 2
344722926 2
286948993 2
52607692 2
244751522 2
612566955 2
969765436 2
859775811 2
3343319 2
90123488 2
247845828 2
703234251 2
74161456 2
267836906 2
530091258 2
463050680 2
616381818 2
878906567 2
33669585 2
237806441 2
379495010 2
526954604 2
431877123 2
258260287 2
18522391 2
135607630 2
148223128 2
194648129 2
542816995 2
724238353 2
854001821 2
71817285 2
210162937 2
687520026 2
408057064 2
468549403 2
645740351 2
11 32
26031277 2
94625326 2
109030021 2
928675476 2
773157143 2
408121356 2
306358832 2
37332255 2
376244716 2
11742307 2
548014179 2
7683620 2
222784128 2
213001218 2
454496791 2
113517951 2
349218714 2
511306957 2
165852525 2
24096205 2
103199621 2
597572135 2
265619591 2
12529579 2
142293021 2
620534610 2
738596474 2
418408232 2
34799198 2
1229443 2
57002680 2
368303099 2
525607178 2
146930213 2
336646560 2
472407190 2
184413822 2
132479206 2
150227326 2
476194038 2
75501947 2
717075376 2
78284060 2
11 32
11 32
11 32
11 32
11 32
11 32
11 32
11 32
11 32
11339954 2
452888691 2
461285118 2
599516733 2
42050795 2
94766752 2
65510824 2
714509801 2
215583774 2
709724526 2
70393704 2
12009628 2
568862343 2
688706634 2
125928811 2
249908318 2
218227576 2
439544895 2
693537094 2
277907602 2
392262961 2
977744256 2
372044864 2
94866052 2
647960073 2
671230036 2
71361737 2
671852608 2
1056392131 2
900179926 2
154689279 2
178960093 2
342268438 2
141613584 2
425000817 2
698080199 2
133981449 2
121984049 2
724295812 2
258421736 2
225662093 2
610480678 2
46056826 2
573157606 2
542545639 2
66026630 2
264854110 2
270663996 2
48972546 2
217498978 2
228530205 2
207730312 2
154416948 2
280991218 2
37519053 2
523708027 2
137433374 2
583276222 2
703514786 2
523795 2
212920644 2
173444476 2
112108048 2
396318510 2
978686838 2
632796333 2
548288209 2
568380146 2
1503629 2
181943811 2
120335090 2
135592292 2
122026772 2
352389577 2
630411794 2
598708874 2
49792533 2
783725203 2
49347321 2
236001736 2
868518894 2
258250883 2
320623354 2
70843460 2
16412037 2
106024028 2
147014956 2
586049130 2
567397065 2
259349143 2
11 32
11 32
149972672 2
1024047760 2
104373580 2
718345829 2
195381649 2
869536333 2
680166175 2
495603135 2
289978155 2
245301737 2
64909638 2
834511 2
128862014 2
393819962 2
198730740 2
723878321 2
255014383 2
163015715 2
84580764 2
125877398 2
24403635 2
528553054 2
802778624 2
670360226 2
632532516 2
370230426 2
429463332 2
48657615 2
341344322 2
40796835 2
284891346 2
379427871 2
303724221 2
57842022 2
207980727 2
520280682 2
646438457 2
868543727 2
669588060 2
765001263 2
589067570 2
467586670 2
592194349 2
411125417 2
212974206 2
469250003 2
536916364 2
111840823 2
282376411 2
106568089 2
522738013 2
30826070 2
473967901 2
12368705 2
6656269 2
144081826 2
509644561 2
115966673 2
69727199 2
541696474 2
475030466 2
194588905 2
401304655 2
417314857 2
639925459 2
24157186 2
808770128 2
639370139 2
301836144 2
646659732 2
365703815 2
485689792 2
597565818 2
346986234 2
300123967 2
225253373 2
191092297 2
72659294 2
535126198 2
169860161 2
168798323 2
399339566 2
496321971 2
772627080 2
98621791 2
357422631 2
111277099 2
149128891 2
301999693 2
758556747 2
888803277 2
42072988 2
87307054 2
301252108 2
286160898 2
298319538 2
776952684 2
258036824 2
145197079 2
460996398 2
352713525 2
220561722 2
382664290 2
823832590 2
468023000 2
12126177 2
78622716 2
13991362 2
76979680 2
547115880 2
344439666 2
264666515 2
58535641 2
272566477 2
439438741 2
388797444 2
194064364 2
506650382 2
337967781 2
76012937 2
517867594 2
11 32
88429898 2
95947984 2
236622066 2
471288196 2
479243193 2
664033967 2
159967879 2
689331084 2
323090421 2
266508509 2
157175928 2
392843550 2
652624475 2
35890504 2
558271257 2
48929539 2
504977677 2
280563877 2
473844730 2
802069488 2
115706816 2
167320251 2
467836403 2
545243510 2
5617590 2
143062046 2
552155962 2
596783113 2
957451934 2
30919279 2
102191022 2
567308028 2
132586285 2
704058655 2
490538527 2
332360574 2
670282978 2
108661298 2
649017516 2
165310895 2
210317267 2
352703866 2
1037048425 2
970604941 2
478420122 2
231051327 2
85624233 2
23542363 2
119508079 2
202864293 2
191668731 2
252899083 2
138144 2
396542166 2
317839374 2
922184457 2
150978609 2
287088853 2
72467666 2
284992226 2
146482701 2
874999 2
344985043 2
354727869 2
810414366 2
616892592 2
281968038 2
98853383 2
135813498 2
412903951 2
35748100 2
236407793 2
869455487 2
80550861 2
242118185 2
32781113 2
361606020 2
47065816 2
402091235 2
290635268 2
683856930 2
32593348 2
110427651 2
586496120 2
148550930 2
476449212 2
151509282 2
140261302 2
382616025 2
1294293 2
396793564 2
52375088 2
277532327 2
271033890 2
100967865 2
251900220 2
174090565 2
159737869 2
9954567 16
9954567 16
9954567 16
9954567 16
9954567 16
9954567 16
9954567 16
9954567 16
9954567 16
9954567 16
9954567 16
9954567 16
9954567 16
9954567 16
9954567 16
9954566 2
132015317 2
82417786 2
361684458 2
149678992 2
147757956 2
42176589 2
12432046 2
470288352 2
739746983 2
555374270 2
358424878 2
52873454 2
581317880 2
778903928 2
823025577 2
388910761 2
141301766 2
697033610 2
40411961 2
11 32
890326559 2
333927817 2
42797654 2
257673931 2
87163298 2
89678953 2
791222450 2
11 32
11 32
11 32
11 32
11 32
107849101 2
708331783 2
305943380 2
157743429 2
90298648 2
124125934 2
500238514 2
205418161 2
840350791 2
22434897 2
238277540 2
368354211 2
441780712 2
308465266 2
194696682 2
417055443 2
66978465 2
243293304 2
186353619 2
289480290 2
71830324 2
875085661 2
884472452 2
525850282 2
508043127 2
759170633 2
112251464 2
1002202000 2
908086180 2
163624343 2
77919959 2
408929747 2
279434665 2
345119222 2
466919123 2
463547842 2
398588894 2
85669735 2
84359652 2
130042338 2
724788136 2
695416157 2
234087416 2
366246509 2
101715595 2
434241067 2
297565315 2
159610138 2
549260845 2
115305220 2
464767454 2
328712601 2
317667411 2
118583291 2
27268494 2
191304980 2
173417758 2
447657981 2
390686034 2
148830609 2
88272863 2
782672110 2
426968613 2
237372777 2
56512878 2
4671345 2
39730547 2
419117400 2
418344405 2
362468126 2
224476227 2
444846160 2
130253958 2
372953704 2
135778215 2
